vdd,V(vout),Id(M1)
0.000000000000000e+000,-1.995781e-018,-9.842387e-026
1.000000000000000e-002,1.145151e-003,8.845645e-007
2.000000000000000e-002,2.294536e-003,1.770547e-006
3.000000000000000e-002,3.444996e-003,2.655501e-006
4.000000000000000e-002,4.597601e-003,3.540240e-006
5.000000000000000e-002,5.752362e-003,4.424764e-006
6.000000000000001e-002,6.909291e-003,5.309071e-006
7.000000000000001e-002,8.068400e-003,6.193161e-006
8.000000000000000e-002,9.229703e-003,7.077030e-006
9.000000000000000e-002,1.039321e-002,7.960680e-006
9.999999999999999e-002,1.155894e-002,8.844107e-006
1.100000000000000e-001,1.272689e-002,9.727311e-006
1.200000000000000e-001,1.389709e-002,1.061029e-005
1.300000000000000e-001,1.506955e-002,1.149305e-005
1.400000000000000e-001,1.624427e-002,1.237557e-005
1.500000000000000e-001,1.742127e-002,1.325787e-005
1.600000000000000e-001,1.860057e-002,1.413994e-005
1.700000000000000e-001,1.978218e-002,1.502178e-005
1.800000000000000e-001,2.096611e-002,1.590339e-005
1.900000000000000e-001,2.215238e-002,1.678476e-005
2.000000000000000e-001,2.334099e-002,1.766590e-005
2.100000000000001e-001,2.453196e-002,1.854681e-005
2.200000000000001e-001,2.572531e-002,1.942747e-005
2.300000000000001e-001,2.692105e-002,2.030790e-005
2.400000000000001e-001,2.811919e-002,2.118808e-005
2.500000000000001e-001,2.931975e-002,2.206803e-005
2.600000000000001e-001,3.052274e-002,2.294773e-005
2.700000000000001e-001,3.172817e-002,2.382718e-005
2.800000000000001e-001,3.293607e-002,2.470639e-005
2.900000000000001e-001,3.414644e-002,2.558536e-005
3.000000000000001e-001,3.535930e-002,2.646407e-005
3.100000000000001e-001,3.657466e-002,2.734254e-005
3.200000000000001e-001,3.779254e-002,2.822075e-005
3.300000000000001e-001,3.901295e-002,2.909871e-005
3.400000000000001e-001,4.023591e-002,2.997641e-005
3.500000000000001e-001,4.146143e-002,3.085386e-005
3.600000000000002e-001,4.268953e-002,3.173105e-005
3.700000000000002e-001,4.392023e-002,3.260798e-005
3.800000000000002e-001,4.515353e-002,3.348465e-005
3.900000000000002e-001,4.638946e-002,3.436106e-005
4.000000000000002e-001,4.762802e-002,3.523720e-005
4.100000000000002e-001,4.886924e-002,3.611308e-005
4.200000000000002e-001,5.011314e-002,3.698869e-005
4.300000000000002e-001,5.135972e-002,3.786403e-005
4.400000000000002e-001,5.260900e-002,3.873910e-005
4.500000000000002e-001,5.386100e-002,3.961390e-005
4.600000000000002e-001,5.511574e-002,4.048843e-005
4.700000000000003e-001,5.637323e-002,4.136268e-005
4.800000000000003e-001,5.763349e-002,4.223665e-005
4.900000000000003e-001,5.889653e-002,4.311035e-005
5.000000000000002e-001,6.016238e-002,4.398376e-005
5.100000000000002e-001,6.143104e-002,4.485690e-005
5.200000000000002e-001,6.270254e-002,4.572975e-005
5.300000000000003e-001,6.397690e-002,4.660231e-005
5.400000000000003e-001,6.525412e-002,4.747459e-005
5.500000000000003e-001,6.653424e-002,4.834658e-005
5.600000000000003e-001,6.781726e-002,4.921828e-005
5.700000000000003e-001,6.910320e-002,5.008968e-005
5.800000000000003e-001,7.039208e-002,5.096080e-005
5.900000000000003e-001,7.168392e-002,5.183161e-005
6.000000000000003e-001,7.297873e-002,5.270213e-005
6.100000000000003e-001,7.427655e-002,5.357235e-005
6.200000000000003e-001,7.557738e-002,5.444227e-005
6.300000000000003e-001,7.688124e-002,5.531188e-005
6.400000000000004e-001,7.818814e-002,5.618119e-005
6.500000000000004e-001,7.949813e-002,5.705019e-005
6.600000000000004e-001,8.081120e-002,5.791888e-005
6.700000000000004e-001,8.212738e-002,5.878727e-005
6.800000000000004e-001,8.344668e-002,5.965534e-005
6.900000000000004e-001,8.476914e-002,6.052309e-005
7.000000000000004e-001,8.609475e-002,6.139053e-005
7.100000000000004e-001,8.742356e-002,6.225765e-005
7.200000000000004e-001,8.875557e-002,6.312445e-005
7.300000000000004e-001,9.009081e-002,6.399092e-005
7.400000000000004e-001,9.142929e-002,6.485707e-005
7.500000000000004e-001,9.277105e-002,6.572290e-005
7.600000000000005e-001,9.411609e-002,6.658839e-005
7.700000000000005e-001,9.546445e-002,6.745356e-005
7.800000000000005e-001,9.681612e-002,6.831839e-005
7.900000000000005e-001,9.817116e-002,6.918289e-005
8.000000000000005e-001,9.952956e-002,7.004705e-005
8.100000000000005e-001,1.008914e-001,7.091086e-005
8.200000000000005e-001,1.022566e-001,7.177435e-005
8.300000000000005e-001,1.036252e-001,7.263748e-005
8.400000000000005e-001,1.049974e-001,7.350027e-005
8.500000000000005e-001,1.063730e-001,7.436271e-005
8.600000000000005e-001,1.077521e-001,7.522480e-005
8.700000000000006e-001,1.091347e-001,7.608654e-005
8.800000000000006e-001,1.105209e-001,7.694792e-005
8.900000000000006e-001,1.119106e-001,7.780894e-005
9.000000000000006e-001,1.133040e-001,7.866960e-005
9.100000000000006e-001,1.147010e-001,7.952991e-005
9.200000000000006e-001,1.161016e-001,8.038984e-005
9.300000000000006e-001,1.175059e-001,8.124941e-005
9.400000000000006e-001,1.189139e-001,8.210861e-005
9.500000000000006e-001,1.203256e-001,8.296744e-005
9.600000000000006e-001,1.217411e-001,8.382590e-005
9.700000000000006e-001,1.231603e-001,8.468398e-005
9.800000000000007e-001,1.245833e-001,8.554167e-005
9.900000000000007e-001,1.260102e-001,8.639898e-005
1.000000000000001e+000,1.274409e-001,8.725592e-005
1.010000000000001e+000,1.288754e-001,8.811247e-005
1.020000000000001e+000,1.303139e-001,8.896861e-005
1.030000000000001e+000,1.317563e-001,8.982437e-005
1.040000000000001e+000,1.332026e-001,9.067974e-005
1.050000000000001e+000,1.346529e-001,9.153471e-005
1.060000000000001e+000,1.361073e-001,9.238928e-005
1.070000000000001e+000,1.375656e-001,9.324344e-005
1.080000000000001e+000,1.390281e-001,9.409719e-005
1.090000000000001e+000,1.404946e-001,9.495054e-005
1.100000000000001e+000,1.419652e-001,9.580348e-005
1.110000000000001e+000,1.434400e-001,9.665600e-005
1.120000000000001e+000,1.449190e-001,9.750811e-005
1.130000000000001e+000,1.464022e-001,9.835979e-005
1.140000000000001e+000,1.478896e-001,9.921104e-005
1.150000000000001e+000,1.493813e-001,1.000619e-004
1.160000000000001e+000,1.508773e-001,1.009123e-004
1.170000000000001e+000,1.523777e-001,1.017622e-004
1.180000000000001e+000,1.538823e-001,1.026118e-004
1.190000000000001e+000,1.553914e-001,1.034609e-004
1.200000000000001e+000,1.569049e-001,1.043095e-004
1.210000000000001e+000,1.584229e-001,1.051577e-004
1.220000000000001e+000,1.599454e-001,1.060055e-004
1.230000000000001e+000,1.614724e-001,1.068528e-004
1.240000000000001e+000,1.630039e-001,1.076996e-004
1.250000000000001e+000,1.645401e-001,1.085460e-004
1.260000000000001e+000,1.660808e-001,1.093919e-004
1.270000000000001e+000,1.676262e-001,1.102374e-004
1.280000000000001e+000,1.691764e-001,1.110824e-004
1.290000000000001e+000,1.707312e-001,1.119269e-004
1.300000000000001e+000,1.722909e-001,1.127709e-004
1.310000000000001e+000,1.738553e-001,1.136145e-004
1.320000000000001e+000,1.754246e-001,1.144575e-004
1.330000000000001e+000,1.769987e-001,1.153001e-004
1.340000000000001e+000,1.785778e-001,1.161422e-004
1.350000000000001e+000,1.801618e-001,1.169838e-004
1.360000000000001e+000,1.817508e-001,1.178249e-004
1.370000000000001e+000,1.833449e-001,1.186655e-004
1.380000000000001e+000,1.849440e-001,1.195056e-004
1.390000000000001e+000,1.865482e-001,1.203452e-004
1.400000000000001e+000,1.881576e-001,1.211842e-004
1.410000000000001e+000,1.897722e-001,1.220228e-004
1.420000000000001e+000,1.913920e-001,1.228608e-004
1.430000000000001e+000,1.930171e-001,1.236983e-004
1.440000000000001e+000,1.946476e-001,1.245352e-004
1.450000000000001e+000,1.962833e-001,1.253717e-004
1.460000000000001e+000,1.979245e-001,1.262076e-004
1.470000000000001e+000,1.995712e-001,1.270429e-004
1.480000000000001e+000,2.012233e-001,1.278777e-004
1.490000000000001e+000,2.028810e-001,1.287119e-004
1.500000000000001e+000,2.045443e-001,1.295456e-004
1.510000000000001e+000,2.062132e-001,1.303787e-004
1.520000000000001e+000,2.078878e-001,1.312112e-004
1.530000000000001e+000,2.095681e-001,1.320432e-004
1.540000000000001e+000,2.112542e-001,1.328746e-004
1.550000000000001e+000,2.129461e-001,1.337054e-004
1.560000000000001e+000,2.146439e-001,1.345356e-004
1.570000000000001e+000,2.163477e-001,1.353652e-004
1.580000000000001e+000,2.180574e-001,1.361943e-004
1.590000000000001e+000,2.197732e-001,1.370227e-004
1.600000000000001e+000,2.214950e-001,1.378505e-004
1.610000000000001e+000,2.232230e-001,1.386777e-004
1.620000000000001e+000,2.249572e-001,1.395043e-004
1.630000000000001e+000,2.266976e-001,1.403302e-004
1.640000000000001e+000,2.284444e-001,1.411556e-004
1.650000000000001e+000,2.301975e-001,1.419803e-004
1.660000000000001e+000,2.319570e-001,1.428043e-004
1.670000000000001e+000,2.337230e-001,1.436277e-004
1.680000000000001e+000,2.354955e-001,1.444504e-004
1.690000000000001e+000,2.372746e-001,1.452725e-004
1.700000000000001e+000,2.390604e-001,1.460940e-004
1.710000000000001e+000,2.408530e-001,1.469147e-004
1.720000000000001e+000,2.426523e-001,1.477348e-004
1.730000000000001e+000,2.444584e-001,1.485542e-004
1.740000000000001e+000,2.462715e-001,1.493728e-004
1.750000000000001e+000,2.480915e-001,1.501909e-004
1.760000000000001e+000,2.499186e-001,1.510081e-004
1.770000000000001e+000,2.517528e-001,1.518247e-004
1.780000000000001e+000,2.535942e-001,1.526406e-004
1.790000000000001e+000,2.554429e-001,1.534557e-004
1.800000000000001e+000,2.572988e-001,1.542701e-004
1.810000000000001e+000,2.591622e-001,1.550838e-004
1.820000000000001e+000,2.610330e-001,1.558967e-004
1.830000000000001e+000,2.629114e-001,1.567089e-004
1.840000000000001e+000,2.647974e-001,1.575203e-004
1.850000000000001e+000,2.666911e-001,1.583309e-004
1.860000000000001e+000,2.685926e-001,1.591407e-004
1.870000000000001e+000,2.705019e-001,1.599498e-004
1.880000000000001e+000,2.724192e-001,1.607581e-004
1.890000000000002e+000,2.743445e-001,1.615655e-004
1.900000000000002e+000,2.762779e-001,1.623722e-004
1.910000000000002e+000,2.782195e-001,1.631780e-004
1.920000000000002e+000,2.801694e-001,1.639831e-004
1.930000000000002e+000,2.821276e-001,1.647872e-004
1.940000000000002e+000,2.840943e-001,1.655906e-004
1.950000000000002e+000,2.860695e-001,1.663930e-004
1.960000000000002e+000,2.880534e-001,1.671947e-004
1.970000000000002e+000,2.900460e-001,1.679954e-004
1.980000000000002e+000,2.920475e-001,1.687953e-004
1.990000000000002e+000,2.940578e-001,1.695942e-004
2.000000000000001e+000,2.960773e-001,1.703923e-004
2.010000000000001e+000,2.981058e-001,1.711894e-004
2.020000000000001e+000,3.001435e-001,1.719857e-004
2.030000000000001e+000,3.021907e-001,1.727809e-004
2.040000000000001e+000,3.042472e-001,1.735753e-004
2.050000000000000e+000,3.063134e-001,1.743687e-004
2.060000000000000e+000,3.083892e-001,1.751611e-004
2.070000000000000e+000,3.104747e-001,1.759525e-004
2.080000000000000e+000,3.125702e-001,1.767430e-004
2.089999999999999e+000,3.146757e-001,1.775324e-004
2.099999999999999e+000,3.167914e-001,1.783209e-004
2.109999999999999e+000,3.189172e-001,1.791083e-004
2.119999999999999e+000,3.210536e-001,1.798946e-004
2.129999999999999e+000,3.232004e-001,1.806800e-004
2.139999999999998e+000,3.253579e-001,1.814642e-004
2.149999999999998e+000,3.275261e-001,1.822474e-004
2.159999999999998e+000,3.297053e-001,1.830295e-004
2.169999999999998e+000,3.318955e-001,1.838105e-004
2.179999999999998e+000,3.340969e-001,1.845903e-004
2.189999999999997e+000,3.363097e-001,1.853690e-004
2.199999999999997e+000,3.385340e-001,1.861466e-004
2.209999999999997e+000,3.407699e-001,1.869230e-004
2.219999999999997e+000,3.430176e-001,1.876982e-004
2.229999999999996e+000,3.452773e-001,1.884723e-004
2.239999999999996e+000,3.475491e-001,1.892451e-004
2.249999999999996e+000,3.498333e-001,1.900167e-004
2.259999999999996e+000,3.521298e-001,1.907870e-004
2.269999999999996e+000,3.544390e-001,1.915561e-004
2.279999999999995e+000,3.567610e-001,1.923239e-004
2.289999999999995e+000,3.590960e-001,1.930904e-004
2.299999999999995e+000,3.614442e-001,1.938556e-004
2.309999999999995e+000,3.638057e-001,1.946194e-004
2.319999999999995e+000,3.661808e-001,1.953819e-004
2.329999999999994e+000,3.685697e-001,1.961430e-004
2.339999999999994e+000,3.709725e-001,1.969028e-004
2.349999999999994e+000,3.733895e-001,1.976611e-004
2.359999999999994e+000,3.758209e-001,1.984179e-004
2.369999999999993e+000,3.782669e-001,1.991733e-004
2.379999999999993e+000,3.807277e-001,1.999272e-004
2.389999999999993e+000,3.832036e-001,2.006796e-004
2.399999999999993e+000,3.856948e-001,2.014305e-004
2.409999999999993e+000,3.882016e-001,2.021798e-004
2.419999999999992e+000,3.907241e-001,2.029276e-004
2.429999999999992e+000,3.932627e-001,2.036737e-004
2.439999999999992e+000,3.958176e-001,2.044182e-004
2.449999999999992e+000,3.983892e-001,2.051611e-004
2.459999999999992e+000,4.009776e-001,2.059023e-004
2.469999999999991e+000,4.035831e-001,2.066417e-004
2.479999999999991e+000,4.062061e-001,2.073794e-004
2.489999999999991e+000,4.088468e-001,2.081153e-004
2.499999999999991e+000,4.115056e-001,2.088494e-004
2.509999999999991e+000,4.141828e-001,2.095817e-004
2.519999999999990e+000,4.168787e-001,2.103121e-004
2.529999999999990e+000,4.195937e-001,2.110406e-004
2.539999999999990e+000,4.223281e-001,2.117672e-004
2.549999999999990e+000,4.250822e-001,2.124918e-004
2.559999999999989e+000,4.278565e-001,2.132144e-004
2.569999999999989e+000,4.306513e-001,2.139349e-004
2.579999999999989e+000,4.334670e-001,2.146533e-004
2.589999999999989e+000,4.363041e-001,2.153696e-004
2.599999999999989e+000,4.391629e-001,2.160837e-004
2.609999999999988e+000,4.420440e-001,2.167956e-004
2.619999999999988e+000,4.449476e-001,2.175052e-004
2.629999999999988e+000,4.478744e-001,2.182126e-004
2.639999999999988e+000,4.508248e-001,2.189175e-004
2.649999999999988e+000,4.537993e-001,2.196201e-004
2.659999999999987e+000,4.567984e-001,2.203202e-004
2.669999999999987e+000,4.598227e-001,2.210177e-004
2.679999999999987e+000,4.628727e-001,2.217127e-004
2.689999999999987e+000,4.659489e-001,2.224051e-004
2.699999999999986e+000,4.690521e-001,2.230948e-004
2.709999999999986e+000,4.721828e-001,2.237817e-004
2.719999999999986e+000,4.753417e-001,2.244658e-004
2.729999999999986e+000,4.785294e-001,2.251471e-004
2.739999999999986e+000,4.817466e-001,2.258253e-004
2.749999999999985e+000,4.849941e-001,2.265006e-004
2.759999999999985e+000,4.882726e-001,2.271727e-004
2.769999999999985e+000,4.915830e-001,2.278417e-004
2.779999999999985e+000,4.949260e-001,2.285074e-004
2.789999999999985e+000,4.983025e-001,2.291697e-004
2.799999999999984e+000,5.017133e-001,2.298287e-004
2.809999999999984e+000,5.051596e-001,2.304840e-004
2.819999999999984e+000,5.086422e-001,2.311358e-004
2.829999999999984e+000,5.121621e-001,2.317838e-004
2.839999999999983e+000,5.157205e-001,2.324279e-004
2.849999999999983e+000,5.193185e-001,2.330681e-004
2.859999999999983e+000,5.229571e-001,2.337043e-004
2.869999999999983e+000,5.266379e-001,2.343362e-004
2.879999999999983e+000,5.303620e-001,2.349638e-004
2.889999999999982e+000,5.341308e-001,2.355869e-004
2.899999999999982e+000,5.379457e-001,2.362054e-004
2.909999999999982e+000,5.418083e-001,2.368192e-004
2.919999999999982e+000,5.457203e-001,2.374280e-004
2.929999999999982e+000,5.496834e-001,2.380317e-004
2.939999999999981e+000,5.536993e-001,2.386301e-004
2.949999999999981e+000,5.577701e-001,2.392230e-004
2.959999999999981e+000,5.618978e-001,2.398102e-004
2.969999999999981e+000,5.660845e-001,2.403915e-004
2.979999999999980e+000,5.703326e-001,2.409667e-004
2.989999999999980e+000,5.746446e-001,2.415355e-004
2.999999999999980e+000,5.790232e-001,2.420977e-004
3.009999999999980e+000,5.834711e-001,2.426529e-004
3.019999999999980e+000,5.879915e-001,2.432008e-004
3.029999999999979e+000,5.925877e-001,2.437412e-004
3.039999999999979e+000,5.972632e-001,2.442737e-004
3.049999999999979e+000,6.020217e-001,2.447978e-004
3.059999999999979e+000,6.068675e-001,2.453132e-004
3.069999999999979e+000,6.118051e-001,2.458195e-004
3.079999999999978e+000,6.168394e-001,2.463160e-004
3.089999999999978e+000,6.219757e-001,2.468024e-004
3.099999999999978e+000,6.272199e-001,2.472780e-004
3.109999999999978e+000,6.325784e-001,2.477421e-004
3.119999999999978e+000,6.380584e-001,2.481941e-004
3.129999999999977e+000,6.436678e-001,2.486332e-004
3.139999999999977e+000,6.494153e-001,2.490584e-004
3.149999999999977e+000,6.553108e-001,2.494689e-004
3.159999999999977e+000,6.613652e-001,2.498634e-004
3.169999999999976e+000,6.675912e-001,2.502408e-004
3.179999999999976e+000,6.740028e-001,2.505997e-004
3.189999999999976e+000,6.806163e-001,2.509383e-004
3.199999999999976e+000,6.874506e-001,2.512549e-004
3.209999999999976e+000,6.945276e-001,2.515471e-004
3.219999999999975e+000,7.018730e-001,2.518126e-004
3.229999999999975e+000,7.094344e-001,2.520506e-004
3.239999999999975e+000,7.171755e-001,2.522774e-004
3.249999999999975e+000,7.250222e-001,2.524949e-004
3.259999999999975e+000,7.329435e-001,2.527036e-004
3.269999999999974e+000,7.409331e-001,2.529048e-004
3.279999999999974e+000,7.489874e-001,2.530995e-004
3.289999999999974e+000,7.571008e-001,2.532883e-004
3.299999999999974e+000,7.652672e-001,2.534718e-004
3.309999999999973e+000,7.734817e-001,2.536505e-004
3.319999999999973e+000,7.817401e-001,2.538248e-004
3.329999999999973e+000,7.900389e-001,2.539950e-004
3.339999999999973e+000,7.983754e-001,2.541614e-004
3.349999999999973e+000,8.067468e-001,2.543243e-004
3.359999999999972e+000,8.151509e-001,2.544840e-004
3.369999999999972e+000,8.235854e-001,2.546406e-004
3.379999999999972e+000,8.320486e-001,2.547943e-004
3.389999999999972e+000,8.405389e-001,2.549454e-004
3.399999999999972e+000,8.490547e-001,2.550938e-004
3.409999999999971e+000,8.575947e-001,2.552399e-004
3.419999999999971e+000,8.661577e-001,2.553836e-004
3.429999999999971e+000,8.747425e-001,2.555251e-004
3.439999999999971e+000,8.833482e-001,2.556646e-004
3.449999999999970e+000,8.919737e-001,2.558021e-004
3.459999999999970e+000,9.006182e-001,2.559377e-004
3.469999999999970e+000,9.092809e-001,2.560714e-004
3.479999999999970e+000,9.179610e-001,2.562034e-004
3.489999999999970e+000,9.266579e-001,2.563338e-004
3.499999999999969e+000,9.353709e-001,2.564625e-004
3.509999999999969e+000,9.440994e-001,2.565896e-004
3.519999999999969e+000,9.528428e-001,2.567153e-004
3.529999999999969e+000,9.616006e-001,2.568396e-004
3.539999999999969e+000,9.703723e-001,2.569624e-004
3.549999999999968e+000,9.791574e-001,2.570839e-004
3.559999999999968e+000,9.879556e-001,2.572041e-004
3.569999999999968e+000,9.967663e-001,2.573230e-004
3.579999999999968e+000,1.005589e+000,2.574408e-004
3.589999999999967e+000,1.014424e+000,2.575573e-004
3.599999999999967e+000,1.023270e+000,2.576727e-004
3.609999999999967e+000,1.032127e+000,2.577870e-004
3.619999999999967e+000,1.040995e+000,2.579002e-004
3.629999999999967e+000,1.049874e+000,2.580123e-004
3.639999999999966e+000,1.058763e+000,2.581235e-004
3.649999999999966e+000,1.067661e+000,2.582336e-004
3.659999999999966e+000,1.076570e+000,2.583428e-004
3.669999999999966e+000,1.085487e+000,2.584510e-004
3.679999999999966e+000,1.094414e+000,2.585583e-004
3.689999999999965e+000,1.103350e+000,2.586647e-004
3.699999999999965e+000,1.112295e+000,2.587703e-004
3.709999999999965e+000,1.121248e+000,2.588750e-004
3.719999999999965e+000,1.130209e+000,2.589789e-004
3.729999999999965e+000,1.139179e+000,2.590819e-004
3.739999999999964e+000,1.148156e+000,2.591842e-004
3.749999999999964e+000,1.157141e+000,2.592856e-004
3.759999999999964e+000,1.166134e+000,2.593864e-004
3.769999999999964e+000,1.175134e+000,2.594863e-004
3.779999999999963e+000,1.184142e+000,2.595856e-004
3.789999999999963e+000,1.193156e+000,2.596842e-004
3.799999999999963e+000,1.202178e+000,2.597820e-004
3.809999999999963e+000,1.211206e+000,2.598792e-004
3.819999999999963e+000,1.220241e+000,2.599757e-004
3.829999999999962e+000,1.229283e+000,2.600715e-004
3.839999999999962e+000,1.238331e+000,2.601667e-004
3.849999999999962e+000,1.247385e+000,2.602613e-004
3.859999999999962e+000,1.256445e+000,2.603553e-004
3.869999999999962e+000,1.265512e+000,2.604487e-004
3.879999999999961e+000,1.274584e+000,2.605414e-004
3.889999999999961e+000,1.283662e+000,2.606336e-004
3.899999999999961e+000,1.292746e+000,2.607252e-004
3.909999999999961e+000,1.301836e+000,2.608163e-004
3.919999999999960e+000,1.310930e+000,2.609068e-004
3.929999999999960e+000,1.320031e+000,2.609968e-004
3.939999999999960e+000,1.329136e+000,2.610862e-004
3.949999999999960e+000,1.338247e+000,2.611751e-004
3.959999999999960e+000,1.347363e+000,2.612635e-004
3.969999999999959e+000,1.356484e+000,2.613514e-004
3.979999999999959e+000,1.365610e+000,2.614388e-004
3.989999999999959e+000,1.374741e+000,2.615257e-004
3.999999999999959e+000,1.383877e+000,2.616121e-004
4.009999999999959e+000,1.393018e+000,2.616981e-004
4.019999999999959e+000,1.402163e+000,2.617836e-004
4.029999999999959e+000,1.411312e+000,2.618686e-004
4.039999999999958e+000,1.420466e+000,2.619532e-004
4.049999999999958e+000,1.429625e+000,2.620374e-004
4.059999999999958e+000,1.438788e+000,2.621211e-004
4.069999999999958e+000,1.447955e+000,2.622044e-004
4.079999999999957e+000,1.457127e+000,2.622872e-004
4.089999999999957e+000,1.466302e+000,2.623697e-004
4.099999999999957e+000,1.475482e+000,2.624517e-004
4.109999999999957e+000,1.484666e+000,2.625333e-004
4.119999999999957e+000,1.493853e+000,2.626145e-004
4.129999999999956e+000,1.503045e+000,2.626954e-004
4.139999999999956e+000,1.512241e+000,2.627758e-004
4.149999999999956e+000,1.521440e+000,2.628559e-004
4.159999999999956e+000,1.530643e+000,2.629356e-004
4.169999999999956e+000,1.539850e+000,2.630149e-004
4.179999999999955e+000,1.549061e+000,2.630938e-004
4.189999999999955e+000,1.558275e+000,2.631724e-004
4.199999999999955e+000,1.567492e+000,2.632507e-004
4.209999999999955e+000,1.576714e+000,2.633285e-004
4.219999999999955e+000,1.585938e+000,2.634061e-004
4.229999999999954e+000,1.595166e+000,2.634833e-004
4.239999999999954e+000,1.604398e+000,2.635601e-004
4.249999999999954e+000,1.613633e+000,2.636366e-004
4.259999999999954e+000,1.622871e+000,2.637128e-004
4.269999999999953e+000,1.632112e+000,2.637887e-004
4.279999999999953e+000,1.641357e+000,2.638642e-004
4.289999999999953e+000,1.650604e+000,2.639395e-004
4.299999999999953e+000,1.659855e+000,2.640144e-004
4.309999999999953e+000,1.669109e+000,2.640890e-004
4.319999999999952e+000,1.678366e+000,2.641633e-004
4.329999999999952e+000,1.687626e+000,2.642373e-004
4.339999999999952e+000,1.696889e+000,2.643110e-004
4.349999999999952e+000,1.706155e+000,2.643844e-004
4.359999999999952e+000,1.715424e+000,2.644575e-004
4.369999999999951e+000,1.724696e+000,2.645304e-004
4.379999999999951e+000,1.733970e+000,2.646029e-004
4.389999999999951e+000,1.743248e+000,2.646752e-004
4.399999999999951e+000,1.752528e+000,2.647472e-004
4.409999999999950e+000,1.761810e+000,2.648189e-004
4.419999999999950e+000,1.771096e+000,2.648903e-004
4.429999999999950e+000,1.780384e+000,2.649615e-004
4.439999999999950e+000,1.789675e+000,2.650324e-004
4.449999999999950e+000,1.798969e+000,2.651031e-004
4.459999999999949e+000,1.808265e+000,2.651734e-004
4.469999999999949e+000,1.817563e+000,2.652436e-004
4.479999999999949e+000,1.826865e+000,2.653135e-004
4.489999999999949e+000,1.836168e+000,2.653831e-004
4.499999999999949e+000,1.845475e+000,2.654525e-004
4.509999999999948e+000,1.854783e+000,2.655216e-004
4.519999999999948e+000,1.864094e+000,2.655905e-004
4.529999999999948e+000,1.873408e+000,2.656592e-004
4.539999999999948e+000,1.882724e+000,2.657276e-004
4.549999999999947e+000,1.892042e+000,2.657958e-004
4.559999999999947e+000,1.901362e+000,2.658637e-004
4.569999999999947e+000,1.910685e+000,2.659314e-004
4.579999999999947e+000,1.920010e+000,2.659989e-004
4.589999999999947e+000,1.929338e+000,2.660662e-004
4.599999999999946e+000,1.938667e+000,2.661332e-004
4.609999999999946e+000,1.947999e+000,2.662000e-004
4.619999999999946e+000,1.957333e+000,2.662666e-004
4.629999999999946e+000,1.966669e+000,2.663330e-004
4.639999999999946e+000,1.976007e+000,2.663992e-004
4.649999999999945e+000,1.985348e+000,2.664652e-004
4.659999999999945e+000,1.994690e+000,2.665309e-004
4.669999999999945e+000,2.004035e+000,2.665964e-004
4.679999999999945e+000,2.013382e+000,2.666618e-004
4.689999999999944e+000,2.022730e+000,2.667269e-004
4.699999999999944e+000,2.032081e+000,2.667918e-004
4.709999999999944e+000,2.041434e+000,2.668566e-004
4.719999999999944e+000,2.050789e+000,2.669211e-004
4.729999999999944e+000,2.060145e+000,2.669854e-004
4.739999999999943e+000,2.069504e+000,2.670496e-004
4.749999999999943e+000,2.078864e+000,2.671135e-004
4.759999999999943e+000,2.088227e+000,2.671773e-004
4.769999999999943e+000,2.097591e+000,2.672408e-004
4.779999999999943e+000,2.106957e+000,2.673042e-004
4.789999999999942e+000,2.116326e+000,2.673674e-004
4.799999999999942e+000,2.125696e+000,2.674304e-004
4.809999999999942e+000,2.135067e+000,2.674932e-004
4.819999999999942e+000,2.144441e+000,2.675558e-004
4.829999999999942e+000,2.153816e+000,2.676183e-004
4.839999999999941e+000,2.163193e+000,2.676806e-004
4.849999999999941e+000,2.172573e+000,2.677427e-004
4.859999999999941e+000,2.181953e+000,2.678046e-004
4.869999999999941e+000,2.191336e+000,2.678664e-004
4.879999999999940e+000,2.200720e+000,2.679280e-004
4.889999999999940e+000,2.210106e+000,2.679894e-004
4.899999999999940e+000,2.219493e+000,2.680506e-004
4.909999999999940e+000,2.228882e+000,2.681117e-004
4.919999999999940e+000,2.238273e+000,2.681726e-004
4.929999999999939e+000,2.247666e+000,2.682334e-004
4.939999999999939e+000,2.257060e+000,2.682940e-004
4.949999999999939e+000,2.266456e+000,2.683544e-004
4.959999999999939e+000,2.275853e+000,2.684147e-004
4.969999999999939e+000,2.285252e+000,2.684748e-004
4.979999999999938e+000,2.294652e+000,2.685347e-004
4.989999999999938e+000,2.304054e+000,2.685945e-004
5.000000000000000e+000,2.313458e+000,2.686541e-004
