100 100  
50 0 8 0 0 0 0 0 0 0 50 0 8 0 0 0 0 0 0 0 50 0 8 0 0 0 0 0 0 0 50 0 8 0 0 0 0 0 0 0 50 0 8 0 0 0 0 0 0 0 50 0 8 0 0 0 0 0 0 0 50 0 8 0 0 0 0 0 0 0 50 0 8 0 0 0 0 0 0 0 50 0 8 0 0 0 0 0 0 0 50 0 8 0 0 0 0 0 0 0 50 0 8 0 0 0 0 0 0 0
9 0 0 0 0 50 0 8 0 0 0 0 0 0 0 50 0 8 0 0 0 0 0 0 0 50 0 8 0 0 0 0 0 0 0 50 0 8 0 0 0 0 0 0 0 50 0 8 0 0 0 0 0 0 0 50 0 8 0 0 0 0 0 0 0 50 0 8 0 0 0 0 0 0 0 50 0 8 0 0 0 0 0 0 0 50 0 8 0 0 0 0 0 0 0 50 0 8 0 0 0 0 0 0 0 50 0 8 0 0 
0 0 0 0 1 50 0 8 0 0 0 0 0 0 0 50 0 8 0 0 0 0 0 0 0 50 0 8 0 0 0 0 0 0 0 50 0 8 0 0 0 0 0 0 0 50 0 8 0 0 0 0 0 0 0 50 0 8 0 0 0 0 0 0 0 50 0 8 0 0 0 0 0 0 0 50 0 8 0 0 0 0 0 0 0 50 0 8 0 0 0 0 0 0 0 50 0 8 0 0 0 0 0 0 0 50 0 8 0 0 
0 0 1 1 0 50 0 8 0 0 0 0 0 0 0 50 0 8 0 0 0 0 0 0 0 50 0 8 0 0 0 0 0 0 0 50 0 8 0 0 0 0 0 0 0 50 0 8 0 0 0 0 0 0 0 50 0 8 0 0 0 0 0 0 0 50 0 8 0 0 0 0 0 0 0 50 0 8 0 0 0 0 0 0 0 50 0 8 0 0 0 0 0 0 0 50 0 8 0 0 0 0 0 0 0 50 0 8 0 0 
3 9 4 1 0 50 0 8 0 0 0 0 0 0 0 50 0 8 0 0 0 0 0 0 0 50 0 8 0 0 0 0 0 0 0 50 0 8 0 0 0 0 0 0 0 50 0 8 0 0 0 0 0 0 0 50 0 8 0 0 0 0 0 0 0 50 0 8 0 0 0 0 0 0 0 50 0 8 0 0 0 0 0 0 0 50 0 8 0 0 0 0 0 0 0 50 0 8 0 0 0 0 0 0 0 50 0 8 0 0 
5 35 1 0 3 50 0 8 0 0 0 0 0 0 0 50 0 8 0 0 0 0 0 0 0 50 0 8 0 0 0 0 0 0 0 50 0 8 0 0 0 0 0 0 0 50 0 8 0 0 0 0 0 0 0 50 0 8 0 0 0 0 0 0 0 50 0 8 0 0 0 0 0 0 0 50 0 8 0 0 0 0 0 0 0 50 0 8 0 0 0 0 0 0 0 50 0 8 0 0 0 0 0 0 0 50 0 8 0 0 
0 37 0 3 1 50 0 8 0 0 0 0 0 0 0 50 0 8 0 0 0 0 0 0 0 50 0 8 0 0 0 0 0 0 0 50 0 8 0 0 0 0 0 0 0 50 0 8 0 0 0 0 0 0 0 50 0 8 0 0 0 0 0 0 0 50 0 8 0 0 0 0 0 0 0 50 0 8 0 0 0 0 0 0 0 50 0 8 0 0 0 0 0 0 0 50 0 8 0 0 0 0 0 0 0 50 0 8 0 0
3 9 4 1 0 50 0 8 0 0 0 0 0 0 0 50 0 8 0 0 0 0 0 0 0 50 0 8 0 0 0 0 0 0 0 50 0 8 0 0 0 0 0 0 0 50 0 8 0 0 0 0 0 0 0 50 0 8 0 0 0 0 0 0 0 50 0 8 0 0 0 0 0 0 0 50 0 8 0 0 0 0 0 0 0 50 0 8 0 0 0 0 0 0 0 50 0 8 0 0 0 0 0 0 0 50 0 8 0 0 
5 35 1 0 3 50 0 8 0 0 0 0 0 0 0 50 0 8 0 0 0 0 0 0 0 50 0 8 0 0 0 0 0 0 0 50 0 8 0 0 0 0 0 0 0 50 0 8 0 0 0 0 0 0 0 50 0 8 0 0 0 0 0 0 0 50 0 8 0 0 0 0 0 0 0 50 0 8 0 0 0 0 0 0 0 50 0 8 0 0 0 0 0 0 0 50 0 8 0 0 0 0 0 0 0 50 0 8 0 0 
0 37 0 3 1 50 0 8 0 0 0 0 0 0 0 50 0 8 0 0 0 0 0 0 0 50 0 8 0 0 0 0 0 0 0 50 0 8 0 0 0 0 0 0 0 50 0 8 0 0 0 0 0 0 0 50 0 8 0 0 0 0 0 0 0 50 0 8 0 0 0 0 0 0 0 50 0 8 0 0 0 0 0 0 0 50 0 8 0 0 0 0 0 0 0 50 0 8 0 0 0 0 0 0 0 50 0 8 0 0  
50 0 8 0 0 0 0 0 0 0 50 0 8 0 0 0 0 0 0 0 50 0 8 0 0 0 0 0 0 0 50 0 8 0 0 0 0 0 0 0 50 0 8 0 0 0 0 0 0 0 50 0 8 0 0 0 0 0 0 0 50 0 8 0 0 0 0 0 0 0 50 0 8 0 0 0 0 0 0 0 50 0 8 0 0 0 0 0 0 0 50 0 8 0 0 0 0 0 0 0 50 0 8 0 0 0 0 0 0 0
9 0 0 0 0 50 0 8 0 0 0 0 0 0 0 50 0 8 0 0 0 0 0 0 0 50 0 8 0 0 0 0 0 0 0 50 0 8 0 0 0 0 0 0 0 50 0 8 0 0 0 0 0 0 0 50 0 8 0 0 0 0 0 0 0 50 0 8 0 0 0 0 0 0 0 50 0 8 0 0 0 0 0 0 0 50 0 8 0 0 0 0 0 0 0 50 0 8 0 0 0 0 0 0 0 50 0 8 0 0 
0 0 0 0 1 50 0 8 0 0 0 0 0 0 0 50 0 8 0 0 0 0 0 0 0 50 0 8 0 0 0 0 0 0 0 50 0 8 0 0 0 0 0 0 0 50 0 8 0 0 0 0 0 0 0 50 0 8 0 0 0 0 0 0 0 50 0 8 0 0 0 0 0 0 0 50 0 8 0 0 0 0 0 0 0 50 0 8 0 0 0 0 0 0 0 50 0 8 0 0 0 0 0 0 0 50 0 8 0 0 
0 0 1 1 0 50 0 8 0 0 0 0 0 0 0 50 0 8 0 0 0 0 0 0 0 50 0 8 0 0 0 0 0 0 0 50 0 8 0 0 0 0 0 0 0 50 0 8 0 0 0 0 0 0 0 50 0 8 0 0 0 0 0 0 0 50 0 8 0 0 0 0 0 0 0 50 0 8 0 0 0 0 0 0 0 50 0 8 0 0 0 0 0 0 0 50 0 8 0 0 0 0 0 0 0 50 0 8 0 0 
3 9 4 1 0 50 0 8 0 0 0 0 0 0 0 50 0 8 0 0 0 0 0 0 0 50 0 8 0 0 0 0 0 0 0 50 0 8 0 0 0 0 0 0 0 50 0 8 0 0 0 0 0 0 0 50 0 8 0 0 0 0 0 0 0 50 0 8 0 0 0 0 0 0 0 50 0 8 0 0 0 0 0 0 0 50 0 8 0 0 0 0 0 0 0 50 0 8 0 0 0 0 0 0 0 50 0 8 0 0 
5 35 1 0 3 50 0 8 0 0 0 0 0 0 0 50 0 8 0 0 0 0 0 0 0 50 0 8 0 0 0 0 0 0 0 50 0 8 0 0 0 0 0 0 0 50 0 8 0 0 0 0 0 0 0 50 0 8 0 0 0 0 0 0 0 50 0 8 0 0 0 0 0 0 0 50 0 8 0 0 0 0 0 0 0 50 0 8 0 0 0 0 0 0 0 50 0 8 0 0 0 0 0 0 0 50 0 8 0 0 
0 37 0 3 1 50 0 8 0 0 0 0 0 0 0 50 0 8 0 0 0 0 0 0 0 50 0 8 0 0 0 0 0 0 0 50 0 8 0 0 0 0 0 0 0 50 0 8 0 0 0 0 0 0 0 50 0 8 0 0 0 0 0 0 0 50 0 8 0 0 0 0 0 0 0 50 0 8 0 0 0 0 0 0 0 50 0 8 0 0 0 0 0 0 0 50 0 8 0 0 0 0 0 0 0 50 0 8 0 0
3 9 4 1 0 50 0 8 0 0 0 0 0 0 0 50 0 8 0 0 0 0 0 0 0 50 0 8 0 0 0 0 0 0 0 50 0 8 0 0 0 0 0 0 0 50 0 8 0 0 0 0 0 0 0 50 0 8 0 0 0 0 0 0 0 50 0 8 0 0 0 0 0 0 0 50 0 8 0 0 0 0 0 0 0 50 0 8 0 0 0 0 0 0 0 50 0 8 0 0 0 0 0 0 0 50 0 8 0 0 
5 35 1 0 3 50 0 8 0 0 0 0 0 0 0 50 0 8 0 0 0 0 0 0 0 50 0 8 0 0 0 0 0 0 0 50 0 8 0 0 0 0 0 0 0 50 0 8 0 0 0 0 0 0 0 50 0 8 0 0 0 0 0 0 0 50 0 8 0 0 0 0 0 0 0 50 0 8 0 0 0 0 0 0 0 50 0 8 0 0 0 0 0 0 0 50 0 8 0 0 0 0 0 0 0 50 0 8 0 0 
0 37 0 3 1 50 0 8 0 0 0 0 0 0 0 50 0 8 0 0 0 0 0 0 0 50 0 8 0 0 0 0 0 0 0 50 0 8 0 0 0 0 0 0 0 50 0 8 0 0 0 0 0 0 0 50 0 8 0 0 0 0 0 0 0 50 0 8 0 0 0 0 0 0 0 50 0 8 0 0 0 0 0 0 0 50 0 8 0 0 0 0 0 0 0 50 0 8 0 0 0 0 0 0 0 50 0 8 0 0  
50 0 8 0 0 0 0 0 0 0 50 0 8 0 0 0 0 0 0 0 50 0 8 0 0 0 0 0 0 0 50 0 8 0 0 0 0 0 0 0 50 0 8 0 0 0 0 0 0 0 50 0 8 0 0 0 0 0 0 0 50 0 8 0 0 0 0 0 0 0 50 0 8 0 0 0 0 0 0 0 50 0 8 0 0 0 0 0 0 0 50 0 8 0 0 0 0 0 0 0 50 0 8 0 0 0 0 0 0 0
9 0 0 0 0 50 0 8 0 0 0 0 0 0 0 50 0 8 0 0 0 0 0 0 0 50 0 8 0 0 0 0 0 0 0 50 0 8 0 0 0 0 0 0 0 50 0 8 0 0 0 0 0 0 0 50 0 8 0 0 0 0 0 0 0 50 0 8 0 0 0 0 0 0 0 50 0 8 0 0 0 0 0 0 0 50 0 8 0 0 0 0 0 0 0 50 0 8 0 0 0 0 0 0 0 50 0 8 0 0 
0 0 0 0 1 50 0 8 0 0 0 0 0 0 0 50 0 8 0 0 0 0 0 0 0 50 0 8 0 0 0 0 0 0 0 50 0 8 0 0 0 0 0 0 0 50 0 8 0 0 0 0 0 0 0 50 0 8 0 0 0 0 0 0 0 50 0 8 0 0 0 0 0 0 0 50 0 8 0 0 0 0 0 0 0 50 0 8 0 0 0 0 0 0 0 50 0 8 0 0 0 0 0 0 0 50 0 8 0 0 
0 0 1 1 0 50 0 8 0 0 0 0 0 0 0 50 0 8 0 0 0 0 0 0 0 50 0 8 0 0 0 0 0 0 0 50 0 8 0 0 0 0 0 0 0 50 0 8 0 0 0 0 0 0 0 50 0 8 0 0 0 0 0 0 0 50 0 8 0 0 0 0 0 0 0 50 0 8 0 0 0 0 0 0 0 50 0 8 0 0 0 0 0 0 0 50 0 8 0 0 0 0 0 0 0 50 0 8 0 0 
3 9 4 1 0 50 0 8 0 0 0 0 0 0 0 50 0 8 0 0 0 0 0 0 0 50 0 8 0 0 0 0 0 0 0 50 0 8 0 0 0 0 0 0 0 50 0 8 0 0 0 0 0 0 0 50 0 8 0 0 0 0 0 0 0 50 0 8 0 0 0 0 0 0 0 50 0 8 0 0 0 0 0 0 0 50 0 8 0 0 0 0 0 0 0 50 0 8 0 0 0 0 0 0 0 50 0 8 0 0 
5 35 1 0 3 50 0 8 0 0 0 0 0 0 0 50 0 8 0 0 0 0 0 0 0 50 0 8 0 0 0 0 0 0 0 50 0 8 0 0 0 0 0 0 0 50 0 8 0 0 0 0 0 0 0 50 0 8 0 0 0 0 0 0 0 50 0 8 0 0 0 0 0 0 0 50 0 8 0 0 0 0 0 0 0 50 0 8 0 0 0 0 0 0 0 50 0 8 0 0 0 0 0 0 0 50 0 8 0 0 
0 37 0 3 1 50 0 8 0 0 0 0 0 0 0 50 0 8 0 0 0 0 0 0 0 50 0 8 0 0 0 0 0 0 0 50 0 8 0 0 0 0 0 0 0 50 0 8 0 0 0 0 0 0 0 50 0 8 0 0 0 0 0 0 0 50 0 8 0 0 0 0 0 0 0 50 0 8 0 0 0 0 0 0 0 50 0 8 0 0 0 0 0 0 0 50 0 8 0 0 0 0 0 0 0 50 0 8 0 0
3 9 4 1 0 50 0 8 0 0 0 0 0 0 0 50 0 8 0 0 0 0 0 0 0 50 0 8 0 0 0 0 0 0 0 50 0 8 0 0 0 0 0 0 0 50 0 8 0 0 0 0 0 0 0 50 0 8 0 0 0 0 0 0 0 50 0 8 0 0 0 0 0 0 0 50 0 8 0 0 0 0 0 0 0 50 0 8 0 0 0 0 0 0 0 50 0 8 0 0 0 0 0 0 0 50 0 8 0 0 
5 35 1 0 3 50 0 8 0 0 0 0 0 0 0 50 0 8 0 0 0 0 0 0 0 50 0 8 0 0 0 0 0 0 0 50 0 8 0 0 0 0 0 0 0 50 0 8 0 0 0 0 0 0 0 50 0 8 0 0 0 0 0 0 0 50 0 8 0 0 0 0 0 0 0 50 0 8 0 0 0 0 0 0 0 50 0 8 0 0 0 0 0 0 0 50 0 8 0 0 0 0 0 0 0 50 0 8 0 0 
50 0 8 0 0 0 0 0 0 0 50 0 8 0 0 0 0 0 0 0 50 0 8 0 0 0 0 0 0 0 50 0 8 0 0 0 0 0 0 0 50 0 8 0 0 0 0 0 0 0 50 0 8 0 0 0 0 0 0 0 50 0 8 0 0 0 0 0 0 0 50 0 8 0 0 0 0 0 0 0 50 0 8 0 0 0 0 0 0 0 50 0 8 0 0 0 0 0 0 0 50 0 8 0 0 0 0 0 0 0
9 0 0 0 0 50 0 8 0 0 0 0 0 0 0 50 0 8 0 0 0 0 0 0 0 50 0 8 0 0 0 0 0 0 0 50 0 8 0 0 0 0 0 0 0 50 0 8 0 0 0 0 0 0 0 50 0 8 0 0 0 0 0 0 0 50 0 8 0 0 0 0 0 0 0 50 0 8 0 0 0 0 0 0 0 50 0 8 0 0 0 0 0 0 0 50 0 8 0 0 0 0 0 0 0 50 0 8 0 0 
0 0 0 0 1 50 0 8 0 0 0 0 0 0 0 50 0 8 0 0 0 0 0 0 0 50 0 8 0 0 0 0 0 0 0 50 0 8 0 0 0 0 0 0 0 50 0 8 0 0 0 0 0 0 0 50 0 8 0 0 0 0 0 0 0 50 0 8 0 0 0 0 0 0 0 50 0 8 0 0 0 0 0 0 0 50 0 8 0 0 0 0 0 0 0 50 0 8 0 0 0 0 0 0 0 50 0 8 0 0 
0 0 1 1 0 50 0 8 0 0 0 0 0 0 0 50 0 8 0 0 0 0 0 0 0 50 0 8 0 0 0 0 0 0 0 50 0 8 0 0 0 0 0 0 0 50 0 8 0 0 0 0 0 0 0 50 0 8 0 0 0 0 0 0 0 50 0 8 0 0 0 0 0 0 0 50 0 8 0 0 0 0 0 0 0 50 0 8 0 0 0 0 0 0 0 50 0 8 0 0 0 0 0 0 0 50 0 8 0 0 
3 9 4 1 0 50 0 8 0 0 0 0 0 0 0 50 0 8 0 0 0 0 0 0 0 50 0 8 0 0 0 0 0 0 0 50 0 8 0 0 0 0 0 0 0 50 0 8 0 0 0 0 0 0 0 50 0 8 0 0 0 0 0 0 0 50 0 8 0 0 0 0 0 0 0 50 0 8 0 0 0 0 0 0 0 50 0 8 0 0 0 0 0 0 0 50 0 8 0 0 0 0 0 0 0 50 0 8 0 0 
5 35 1 0 3 50 0 8 0 0 0 0 0 0 0 50 0 8 0 0 0 0 0 0 0 50 0 8 0 0 0 0 0 0 0 50 0 8 0 0 0 0 0 0 0 50 0 8 0 0 0 0 0 0 0 50 0 8 0 0 0 0 0 0 0 50 0 8 0 0 0 0 0 0 0 50 0 8 0 0 0 0 0 0 0 50 0 8 0 0 0 0 0 0 0 50 0 8 0 0 0 0 0 0 0 50 0 8 0 0 
0 37 0 3 1 50 0 8 0 0 0 0 0 0 0 50 0 8 0 0 0 0 0 0 0 50 0 8 0 0 0 0 0 0 0 50 0 8 0 0 0 0 0 0 0 50 0 8 0 0 0 0 0 0 0 50 0 8 0 0 0 0 0 0 0 50 0 8 0 0 0 0 0 0 0 50 0 8 0 0 0 0 0 0 0 50 0 8 0 0 0 0 0 0 0 50 0 8 0 0 0 0 0 0 0 50 0 8 0 0
3 9 4 1 0 50 0 8 0 0 0 0 0 0 0 50 0 8 0 0 0 0 0 0 0 50 0 8 0 0 0 0 0 0 0 50 0 8 0 0 0 0 0 0 0 50 0 8 0 0 0 0 0 0 0 50 0 8 0 0 0 0 0 0 0 50 0 8 0 0 0 0 0 0 0 50 0 8 0 0 0 0 0 0 0 50 0 8 0 0 0 0 0 0 0 50 0 8 0 0 0 0 0 0 0 50 0 8 0 0 
5 35 1 0 3 50 0 8 0 0 0 0 0 0 0 50 0 8 0 0 0 0 0 0 0 50 0 8 0 0 0 0 0 0 0 50 0 8 0 0 0 0 0 0 0 50 0 8 0 0 0 0 0 0 0 50 0 8 0 0 0 0 0 0 0 50 0 8 0 0 0 0 0 0 0 50 0 8 0 0 0 0 0 0 0 50 0 8 0 0 0 0 0 0 0 50 0 8 0 0 0 0 0 0 0 50 0 8 0 0 
0 37 0 3 1 50 0 8 0 0 0 0 0 0 0 50 0 8 0 0 0 0 0 0 0 50 0 8 0 0 0 0 0 0 0 50 0 8 0 0 0 0 0 0 0 50 0 8 0 0 0 0 0 0 0 50 0 8 0 0 0 0 0 0 0 50 0 8 0 0 0 0 0 0 0 50 0 8 0 0 0 0 0 0 0 50 0 8 0 0 0 0 0 0 0 50 0 8 0 0 0 0 0 0 0 50 0 8 0 0  
0 37 0 3 1 50 0 8 0 0 0 0 0 0 0 50 0 8 0 0 0 0 0 0 0 50 0 8 0 0 0 0 0 0 0 50 0 8 0 0 0 0 0 0 0 50 0 8 0 0 0 0 0 0 0 50 0 8 0 0 0 0 0 0 0 50 0 8 0 0 0 0 0 0 0 50 0 8 0 0 0 0 0 0 0 50 0 8 0 0 0 0 0 0 0 50 0 8 0 0 0 0 0 0 0 50 0 8 0 0  
50 0 8 0 0 0 0 0 0 0 50 0 8 0 0 0 0 0 0 0 50 0 8 0 0 0 0 0 0 0 50 0 8 0 0 0 0 0 0 0 50 0 8 0 0 0 0 0 0 0 50 0 8 0 0 0 0 0 0 0 50 0 8 0 0 0 0 0 0 0 50 0 8 0 0 0 0 0 0 0 50 0 8 0 0 0 0 0 0 0 50 0 8 0 0 0 0 0 0 0 50 0 8 0 0 0 0 0 0 0
9 0 0 0 0 50 0 8 0 0 0 0 0 0 0 50 0 8 0 0 0 0 0 0 0 50 0 8 0 0 0 0 0 0 0 50 0 8 0 0 0 0 0 0 0 50 0 8 0 0 0 0 0 0 0 50 0 8 0 0 0 0 0 0 0 50 0 8 0 0 0 0 0 0 0 50 0 8 0 0 0 0 0 0 0 50 0 8 0 0 0 0 0 0 0 50 0 8 0 0 0 0 0 0 0 50 0 8 0 0 
0 0 0 0 1 50 0 8 0 0 0 0 0 0 0 50 0 8 0 0 0 0 0 0 0 50 0 8 0 0 0 0 0 0 0 50 0 8 0 0 0 0 0 0 0 50 0 8 0 0 0 0 0 0 0 50 0 8 0 0 0 0 0 0 0 50 0 8 0 0 0 0 0 0 0 50 0 8 0 0 0 0 0 0 0 50 0 8 0 0 0 0 0 0 0 50 0 8 0 0 0 0 0 0 0 50 0 8 0 0 
0 0 1 1 0 50 0 8 0 0 0 0 0 0 0 50 0 8 0 0 0 0 0 0 0 50 0 8 0 0 0 0 0 0 0 50 0 8 0 0 0 0 0 0 0 50 0 8 0 0 0 0 0 0 0 50 0 8 0 0 0 0 0 0 0 50 0 8 0 0 0 0 0 0 0 50 0 8 0 0 0 0 0 0 0 50 0 8 0 0 0 0 0 0 0 50 0 8 0 0 0 0 0 0 0 50 0 8 0 0 
3 9 4 1 0 50 0 8 0 0 0 0 0 0 0 50 0 8 0 0 0 0 0 0 0 50 0 8 0 0 0 0 0 0 0 50 0 8 0 0 0 0 0 0 0 50 0 8 0 0 0 0 0 0 0 50 0 8 0 0 0 0 0 0 0 50 0 8 0 0 0 0 0 0 0 50 0 8 0 0 0 0 0 0 0 50 0 8 0 0 0 0 0 0 0 50 0 8 0 0 0 0 0 0 0 50 0 8 0 0 
5 35 1 0 3 50 0 8 0 0 0 0 0 0 0 50 0 8 0 0 0 0 0 0 0 50 0 8 0 0 0 0 0 0 0 50 0 8 0 0 0 0 0 0 0 50 0 8 0 0 0 0 0 0 0 50 0 8 0 0 0 0 0 0 0 50 0 8 0 0 0 0 0 0 0 50 0 8 0 0 0 0 0 0 0 50 0 8 0 0 0 0 0 0 0 50 0 8 0 0 0 0 0 0 0 50 0 8 0 0 
0 37 0 3 1 50 0 8 0 0 0 0 0 0 0 50 0 8 0 0 0 0 0 0 0 50 0 8 0 0 0 0 0 0 0 50 0 8 0 0 0 0 0 0 0 50 0 8 0 0 0 0 0 0 0 50 0 8 0 0 0 0 0 0 0 50 0 8 0 0 0 0 0 0 0 50 0 8 0 0 0 0 0 0 0 50 0 8 0 0 0 0 0 0 0 50 0 8 0 0 0 0 0 0 0 50 0 8 0 0
3 9 4 1 0 50 0 8 0 0 0 0 0 0 0 50 0 8 0 0 0 0 0 0 0 50 0 8 0 0 0 0 0 0 0 50 0 8 0 0 0 0 0 0 0 50 0 8 0 0 0 0 0 0 0 50 0 8 0 0 0 0 0 0 0 50 0 8 0 0 0 0 0 0 0 50 0 8 0 0 0 0 0 0 0 50 0 8 0 0 0 0 0 0 0 50 0 8 0 0 0 0 0 0 0 50 0 8 0 0 
5 35 1 0 3 50 0 8 0 0 0 0 0 0 0 50 0 8 0 0 0 0 0 0 0 50 0 8 0 0 0 0 0 0 0 50 0 8 0 0 0 0 0 0 0 50 0 8 0 0 0 0 0 0 0 50 0 8 0 0 0 0 0 0 0 50 0 8 0 0 0 0 0 0 0 50 0 8 0 0 0 0 0 0 0 50 0 8 0 0 0 0 0 0 0 50 0 8 0 0 0 0 0 0 0 50 0 8 0 0 
0 37 0 3 1 50 0 8 0 0 0 0 0 0 0 50 0 8 0 0 0 0 0 0 0 50 0 8 0 0 0 0 0 0 0 50 0 8 0 0 0 0 0 0 0 50 0 8 0 0 0 0 0 0 0 50 0 8 0 0 0 0 0 0 0 50 0 8 0 0 0 0 0 0 0 50 0 8 0 0 0 0 0 0 0 50 0 8 0 0 0 0 0 0 0 50 0 8 0 0 0 0 0 0 0 50 0 8 0 0
50 0 8 0 0 0 0 0 0 0 50 0 8 0 0 0 0 0 0 0 50 0 8 0 0 0 0 0 0 0 50 0 8 0 0 0 0 0 0 0 50 0 8 0 0 0 0 0 0 0 50 0 8 0 0 0 0 0 0 0 50 0 8 0 0 0 0 0 0 0 50 0 8 0 0 0 0 0 0 0 50 0 8 0 0 0 0 0 0 0 50 0 8 0 0 0 0 0 0 0 50 0 8 0 0 0 0 0 0 0
9 0 0 0 0 50 0 8 0 0 0 0 0 0 0 50 0 8 0 0 0 0 0 0 0 50 0 8 0 0 0 0 0 0 0 50 0 8 0 0 0 0 0 0 0 50 0 8 0 0 0 0 0 0 0 50 0 8 0 0 0 0 0 0 0 50 0 8 0 0 0 0 0 0 0 50 0 8 0 0 0 0 0 0 0 50 0 8 0 0 0 0 0 0 0 50 0 8 0 0 0 0 0 0 0 50 0 8 0 0 
0 0 0 0 1 50 0 8 0 0 0 0 0 0 0 50 0 8 0 0 0 0 0 0 0 50 0 8 0 0 0 0 0 0 0 50 0 8 0 0 0 0 0 0 0 50 0 8 0 0 0 0 0 0 0 50 0 8 0 0 0 0 0 0 0 50 0 8 0 0 0 0 0 0 0 50 0 8 0 0 0 0 0 0 0 50 0 8 0 0 0 0 0 0 0 50 0 8 0 0 0 0 0 0 0 50 0 8 0 0 
0 0 1 1 0 50 0 8 0 0 0 0 0 0 0 50 0 8 0 0 0 0 0 0 0 50 0 8 0 0 0 0 0 0 0 50 0 8 0 0 0 0 0 0 0 50 0 8 0 0 0 0 0 0 0 50 0 8 0 0 0 0 0 0 0 50 0 8 0 0 0 0 0 0 0 50 0 8 0 0 0 0 0 0 0 50 0 8 0 0 0 0 0 0 0 50 0 8 0 0 0 0 0 0 0 50 0 8 0 0 
3 9 4 1 0 50 0 8 0 0 0 0 0 0 0 50 0 8 0 0 0 0 0 0 0 50 0 8 0 0 0 0 0 0 0 50 0 8 0 0 0 0 0 0 0 50 0 8 0 0 0 0 0 0 0 50 0 8 0 0 0 0 0 0 0 50 0 8 0 0 0 0 0 0 0 50 0 8 0 0 0 0 0 0 0 50 0 8 0 0 0 0 0 0 0 50 0 8 0 0 0 0 0 0 0 50 0 8 0 0 
5 35 1 0 3 50 0 8 0 0 0 0 0 0 0 50 0 8 0 0 0 0 0 0 0 50 0 8 0 0 0 0 0 0 0 50 0 8 0 0 0 0 0 0 0 50 0 8 0 0 0 0 0 0 0 50 0 8 0 0 0 0 0 0 0 50 0 8 0 0 0 0 0 0 0 50 0 8 0 0 0 0 0 0 0 50 0 8 0 0 0 0 0 0 0 50 0 8 0 0 0 0 0 0 0 50 0 8 0 0 
0 37 0 3 1 50 0 8 0 0 0 0 0 0 0 50 0 8 0 0 0 0 0 0 0 50 0 8 0 0 0 0 0 0 0 50 0 8 0 0 0 0 0 0 0 50 0 8 0 0 0 0 0 0 0 50 0 8 0 0 0 0 0 0 0 50 0 8 0 0 0 0 0 0 0 50 0 8 0 0 0 0 0 0 0 50 0 8 0 0 0 0 0 0 0 50 0 8 0 0 0 0 0 0 0 50 0 8 0 0
3 9 4 1 0 50 0 8 0 0 0 0 0 0 0 50 0 8 0 0 0 0 0 0 0 50 0 8 0 0 0 0 0 0 0 50 0 8 0 0 0 0 0 0 0 50 0 8 0 0 0 0 0 0 0 50 0 8 0 0 0 0 0 0 0 50 0 8 0 0 0 0 0 0 0 50 0 8 0 0 0 0 0 0 0 50 0 8 0 0 0 0 0 0 0 50 0 8 0 0 0 0 0 0 0 50 0 8 0 0 
5 35 1 0 3 50 0 8 0 0 0 0 0 0 0 50 0 8 0 0 0 0 0 0 0 50 0 8 0 0 0 0 0 0 0 50 0 8 0 0 0 0 0 0 0 50 0 8 0 0 0 0 0 0 0 50 0 8 0 0 0 0 0 0 0 50 0 8 0 0 0 0 0 0 0 50 0 8 0 0 0 0 0 0 0 50 0 8 0 0 0 0 0 0 0 50 0 8 0 0 0 0 0 0 0 50 0 8 0 0 
0 37 0 3 1 50 0 8 0 0 0 0 0 0 0 50 0 8 0 0 0 0 0 0 0 50 0 8 0 0 0 0 0 0 0 50 0 8 0 0 0 0 0 0 0 50 0 8 0 0 0 0 0 0 0 50 0 8 0 0 0 0 0 0 0 50 0 8 0 0 0 0 0 0 0 50 0 8 0 0 0 0 0 0 0 50 0 8 0 0 0 0 0 0 0 50 0 8 0 0 0 0 0 0 0 50 0 8 0 0  
50 0 8 0 0 0 0 0 0 0 50 0 8 0 0 0 0 0 0 0 50 0 8 0 0 0 0 0 0 0 50 0 8 0 0 0 0 0 0 0 50 0 8 0 0 0 0 0 0 0 50 0 8 0 0 0 0 0 0 0 50 0 8 0 0 0 0 0 0 0 50 0 8 0 0 0 0 0 0 0 50 0 8 0 0 0 0 0 0 0 50 0 8 0 0 0 0 0 0 0 50 0 8 0 0 0 0 0 0 0
9 0 0 0 0 50 0 8 0 0 0 0 0 0 0 50 0 8 0 0 0 0 0 0 0 50 0 8 0 0 0 0 0 0 0 50 0 8 0 0 0 0 0 0 0 50 0 8 0 0 0 0 0 0 0 50 0 8 0 0 0 0 0 0 0 50 0 8 0 0 0 0 0 0 0 50 0 8 0 0 0 0 0 0 0 50 0 8 0 0 0 0 0 0 0 50 0 8 0 0 0 0 0 0 0 50 0 8 0 0 
0 0 0 0 1 50 0 8 0 0 0 0 0 0 0 50 0 8 0 0 0 0 0 0 0 50 0 8 0 0 0 0 0 0 0 50 0 8 0 0 0 0 0 0 0 50 0 8 0 0 0 0 0 0 0 50 0 8 0 0 0 0 0 0 0 50 0 8 0 0 0 0 0 0 0 50 0 8 0 0 0 0 0 0 0 50 0 8 0 0 0 0 0 0 0 50 0 8 0 0 0 0 0 0 0 50 0 8 0 0 
0 0 1 1 0 50 0 8 0 0 0 0 0 0 0 50 0 8 0 0 0 0 0 0 0 50 0 8 0 0 0 0 0 0 0 50 0 8 0 0 0 0 0 0 0 50 0 8 0 0 0 0 0 0 0 50 0 8 0 0 0 0 0 0 0 50 0 8 0 0 0 0 0 0 0 50 0 8 0 0 0 0 0 0 0 50 0 8 0 0 0 0 0 0 0 50 0 8 0 0 0 0 0 0 0 50 0 8 0 0 
3 9 4 1 0 50 0 8 0 0 0 0 0 0 0 50 0 8 0 0 0 0 0 0 0 50 0 8 0 0 0 0 0 0 0 50 0 8 0 0 0 0 0 0 0 50 0 8 0 0 0 0 0 0 0 50 0 8 0 0 0 0 0 0 0 50 0 8 0 0 0 0 0 0 0 50 0 8 0 0 0 0 0 0 0 50 0 8 0 0 0 0 0 0 0 50 0 8 0 0 0 0 0 0 0 50 0 8 0 0 
5 35 1 0 3 50 0 8 0 0 0 0 0 0 0 50 0 8 0 0 0 0 0 0 0 50 0 8 0 0 0 0 0 0 0 50 0 8 0 0 0 0 0 0 0 50 0 8 0 0 0 0 0 0 0 50 0 8 0 0 0 0 0 0 0 50 0 8 0 0 0 0 0 0 0 50 0 8 0 0 0 0 0 0 0 50 0 8 0 0 0 0 0 0 0 50 0 8 0 0 0 0 0 0 0 50 0 8 0 0 
0 37 0 3 1 50 0 8 0 0 0 0 0 0 0 50 0 8 0 0 0 0 0 0 0 50 0 8 0 0 0 0 0 0 0 50 0 8 0 0 0 0 0 0 0 50 0 8 0 0 0 0 0 0 0 50 0 8 0 0 0 0 0 0 0 50 0 8 0 0 0 0 0 0 0 50 0 8 0 0 0 0 0 0 0 50 0 8 0 0 0 0 0 0 0 50 0 8 0 0 0 0 0 0 0 50 0 8 0 0
3 9 4 1 0 50 0 8 0 0 0 0 0 0 0 50 0 8 0 0 0 0 0 0 0 50 0 8 0 0 0 0 0 0 0 50 0 8 0 0 0 0 0 0 0 50 0 8 0 0 0 0 0 0 0 50 0 8 0 0 0 0 0 0 0 50 0 8 0 0 0 0 0 0 0 50 0 8 0 0 0 0 0 0 0 50 0 8 0 0 0 0 0 0 0 50 0 8 0 0 0 0 0 0 0 50 0 8 0 0 
5 35 1 0 3 50 0 8 0 0 0 0 0 0 0 50 0 8 0 0 0 0 0 0 0 50 0 8 0 0 0 0 0 0 0 50 0 8 0 0 0 0 0 0 0 50 0 8 0 0 0 0 0 0 0 50 0 8 0 0 0 0 0 0 0 50 0 8 0 0 0 0 0 0 0 50 0 8 0 0 0 0 0 0 0 50 0 8 0 0 0 0 0 0 0 50 0 8 0 0 0 0 0 0 0 50 0 8 0 0 
0 37 0 3 1 50 0 8 0 0 0 0 0 0 0 50 0 8 0 0 0 0 0 0 0 50 0 8 0 0 0 0 0 0 0 50 0 8 0 0 0 0 0 0 0 50 0 8 0 0 0 0 0 0 0 50 0 8 0 0 0 0 0 0 0 50 0 8 0 0 0 0 0 0 0 50 0 8 0 0 0 0 0 0 0 50 0 8 0 0 0 0 0 0 0 50 0 8 0 0 0 0 0 0 0 50 0 8 0 0  
50 0 8 0 0 0 0 0 0 0 50 0 8 0 0 0 0 0 0 0 50 0 8 0 0 0 0 0 0 0 50 0 8 0 0 0 0 0 0 0 50 0 8 0 0 0 0 0 0 0 50 0 8 0 0 0 0 0 0 0 50 0 8 0 0 0 0 0 0 0 50 0 8 0 0 0 0 0 0 0 50 0 8 0 0 0 0 0 0 0 50 0 8 0 0 0 0 0 0 0 50 0 8 0 0 0 0 0 0 0
9 0 0 0 0 50 0 8 0 0 0 0 0 0 0 50 0 8 0 0 0 0 0 0 0 50 0 8 0 0 0 0 0 0 0 50 0 8 0 0 0 0 0 0 0 50 0 8 0 0 0 0 0 0 0 50 0 8 0 0 0 0 0 0 0 50 0 8 0 0 0 0 0 0 0 50 0 8 0 0 0 0 0 0 0 50 0 8 0 0 0 0 0 0 0 50 0 8 0 0 0 0 0 0 0 50 0 8 0 0 
0 0 0 0 1 50 0 8 0 0 0 0 0 0 0 50 0 8 0 0 0 0 0 0 0 50 0 8 0 0 0 0 0 0 0 50 0 8 0 0 0 0 0 0 0 50 0 8 0 0 0 0 0 0 0 50 0 8 0 0 0 0 0 0 0 50 0 8 0 0 0 0 0 0 0 50 0 8 0 0 0 0 0 0 0 50 0 8 0 0 0 0 0 0 0 50 0 8 0 0 0 0 0 0 0 50 0 8 0 0 
0 0 1 1 0 50 0 8 0 0 0 0 0 0 0 50 0 8 0 0 0 0 0 0 0 50 0 8 0 0 0 0 0 0 0 50 0 8 0 0 0 0 0 0 0 50 0 8 0 0 0 0 0 0 0 50 0 8 0 0 0 0 0 0 0 50 0 8 0 0 0 0 0 0 0 50 0 8 0 0 0 0 0 0 0 50 0 8 0 0 0 0 0 0 0 50 0 8 0 0 0 0 0 0 0 50 0 8 0 0 
3 9 4 1 0 50 0 8 0 0 0 0 0 0 0 50 0 8 0 0 0 0 0 0 0 50 0 8 0 0 0 0 0 0 0 50 0 8 0 0 0 0 0 0 0 50 0 8 0 0 0 0 0 0 0 50 0 8 0 0 0 0 0 0 0 50 0 8 0 0 0 0 0 0 0 50 0 8 0 0 0 0 0 0 0 50 0 8 0 0 0 0 0 0 0 50 0 8 0 0 0 0 0 0 0 50 0 8 0 0 
5 35 1 0 3 50 0 8 0 0 0 0 0 0 0 50 0 8 0 0 0 0 0 0 0 50 0 8 0 0 0 0 0 0 0 50 0 8 0 0 0 0 0 0 0 50 0 8 0 0 0 0 0 0 0 50 0 8 0 0 0 0 0 0 0 50 0 8 0 0 0 0 0 0 0 50 0 8 0 0 0 0 0 0 0 50 0 8 0 0 0 0 0 0 0 50 0 8 0 0 0 0 0 0 0 50 0 8 0 0 
0 37 0 3 1 50 0 8 0 0 0 0 0 0 0 50 0 8 0 0 0 0 0 0 0 50 0 8 0 0 0 0 0 0 0 50 0 8 0 0 0 0 0 0 0 50 0 8 0 0 0 0 0 0 0 50 0 8 0 0 0 0 0 0 0 50 0 8 0 0 0 0 0 0 0 50 0 8 0 0 0 0 0 0 0 50 0 8 0 0 0 0 0 0 0 50 0 8 0 0 0 0 0 0 0 50 0 8 0 0
3 9 4 1 0 50 0 8 0 0 0 0 0 0 0 50 0 8 0 0 0 0 0 0 0 50 0 8 0 0 0 0 0 0 0 50 0 8 0 0 0 0 0 0 0 50 0 8 0 0 0 0 0 0 0 50 0 8 0 0 0 0 0 0 0 50 0 8 0 0 0 0 0 0 0 50 0 8 0 0 0 0 0 0 0 50 0 8 0 0 0 0 0 0 0 50 0 8 0 0 0 0 0 0 0 50 0 8 0 0 
5 35 1 0 3 50 0 8 0 0 0 0 0 0 0 50 0 8 0 0 0 0 0 0 0 50 0 8 0 0 0 0 0 0 0 50 0 8 0 0 0 0 0 0 0 50 0 8 0 0 0 0 0 0 0 50 0 8 0 0 0 0 0 0 0 50 0 8 0 0 0 0 0 0 0 50 0 8 0 0 0 0 0 0 0 50 0 8 0 0 0 0 0 0 0 50 0 8 0 0 0 0 0 0 0 50 0 8 0 0 
0 37 0 3 1 50 0 8 0 0 0 0 0 0 0 50 0 8 0 0 0 0 0 0 0 50 0 8 0 0 0 0 0 0 0 50 0 8 0 0 0 0 0 0 0 50 0 8 0 0 0 0 0 0 0 50 0 8 0 0 0 0 0 0 0 50 0 8 0 0 0 0 0 0 0 50 0 8 0 0 0 0 0 0 0 50 0 8 0 0 0 0 0 0 0 50 0 8 0 0 0 0 0 0 0 50 0 8 0 0  
50 0 8 0 0 0 0 0 0 0 50 0 8 0 0 0 0 0 0 0 50 0 8 0 0 0 0 0 0 0 50 0 8 0 0 0 0 0 0 0 50 0 8 0 0 0 0 0 0 0 50 0 8 0 0 0 0 0 0 0 50 0 8 0 0 0 0 0 0 0 50 0 8 0 0 0 0 0 0 0 50 0 8 0 0 0 0 0 0 0 50 0 8 0 0 0 0 0 0 0 50 0 8 0 0 0 0 0 0 0
9 0 0 0 0 50 0 8 0 0 0 0 0 0 0 50 0 8 0 0 0 0 0 0 0 50 0 8 0 0 0 0 0 0 0 50 0 8 0 0 0 0 0 0 0 50 0 8 0 0 0 0 0 0 0 50 0 8 0 0 0 0 0 0 0 50 0 8 0 0 0 0 0 0 0 50 0 8 0 0 0 0 0 0 0 50 0 8 0 0 0 0 0 0 0 50 0 8 0 0 0 0 0 0 0 50 0 8 0 0 
0 0 0 0 1 50 0 8 0 0 0 0 0 0 0 50 0 8 0 0 0 0 0 0 0 50 0 8 0 0 0 0 0 0 0 50 0 8 0 0 0 0 0 0 0 50 0 8 0 0 0 0 0 0 0 50 0 8 0 0 0 0 0 0 0 50 0 8 0 0 0 0 0 0 0 50 0 8 0 0 0 0 0 0 0 50 0 8 0 0 0 0 0 0 0 50 0 8 0 0 0 0 0 0 0 50 0 8 0 0 
0 0 1 1 0 50 0 8 0 0 0 0 0 0 0 50 0 8 0 0 0 0 0 0 0 50 0 8 0 0 0 0 0 0 0 50 0 8 0 0 0 0 0 0 0 50 0 8 0 0 0 0 0 0 0 50 0 8 0 0 0 0 0 0 0 50 0 8 0 0 0 0 0 0 0 50 0 8 0 0 0 0 0 0 0 50 0 8 0 0 0 0 0 0 0 50 0 8 0 0 0 0 0 0 0 50 0 8 0 0 
3 9 4 1 0 50 0 8 0 0 0 0 0 0 0 50 0 8 0 0 0 0 0 0 0 50 0 8 0 0 0 0 0 0 0 50 0 8 0 0 0 0 0 0 0 50 0 8 0 0 0 0 0 0 0 50 0 8 0 0 0 0 0 0 0 50 0 8 0 0 0 0 0 0 0 50 0 8 0 0 0 0 0 0 0 50 0 8 0 0 0 0 0 0 0 50 0 8 0 0 0 0 0 0 0 50 0 8 0 0 
5 35 1 0 3 50 0 8 0 0 0 0 0 0 0 50 0 8 0 0 0 0 0 0 0 50 0 8 0 0 0 0 0 0 0 50 0 8 0 0 0 0 0 0 0 50 0 8 0 0 0 0 0 0 0 50 0 8 0 0 0 0 0 0 0 50 0 8 0 0 0 0 0 0 0 50 0 8 0 0 0 0 0 0 0 50 0 8 0 0 0 0 0 0 0 50 0 8 0 0 0 0 0 0 0 50 0 8 0 0 
0 37 0 3 1 50 0 8 0 0 0 0 0 0 0 50 0 8 0 0 0 0 0 0 0 50 0 8 0 0 0 0 0 0 0 50 0 8 0 0 0 0 0 0 0 50 0 8 0 0 0 0 0 0 0 50 0 8 0 0 0 0 0 0 0 50 0 8 0 0 0 0 0 0 0 50 0 8 0 0 0 0 0 0 0 50 0 8 0 0 0 0 0 0 0 50 0 8 0 0 0 0 0 0 0 50 0 8 0 0
3 9 4 1 0 50 0 8 0 0 0 0 0 0 0 50 0 8 0 0 0 0 0 0 0 50 0 8 0 0 0 0 0 0 0 50 0 8 0 0 0 0 0 0 0 50 0 8 0 0 0 0 0 0 0 50 0 8 0 0 0 0 0 0 0 50 0 8 0 0 0 0 0 0 0 50 0 8 0 0 0 0 0 0 0 50 0 8 0 0 0 0 0 0 0 50 0 8 0 0 0 0 0 0 0 50 0 8 0 0 
5 35 1 0 3 50 0 8 0 0 0 0 0 0 0 50 0 8 0 0 0 0 0 0 0 50 0 8 0 0 0 0 0 0 0 50 0 8 0 0 0 0 0 0 0 50 0 8 0 0 0 0 0 0 0 50 0 8 0 0 0 0 0 0 0 50 0 8 0 0 0 0 0 0 0 50 0 8 0 0 0 0 0 0 0 50 0 8 0 0 0 0 0 0 0 50 0 8 0 0 0 0 0 0 0 50 0 8 0 0 
0 37 0 3 1 50 0 8 0 0 0 0 0 0 0 50 0 8 0 0 0 0 0 0 0 50 0 8 0 0 0 0 0 0 0 50 0 8 0 0 0 0 0 0 0 50 0 8 0 0 0 0 0 0 0 50 0 8 0 0 0 0 0 0 0 50 0 8 0 0 0 0 0 0 0 50 0 8 0 0 0 0 0 0 0 50 0 8 0 0 0 0 0 0 0 50 0 8 0 0 0 0 0 0 0 50 0 8 0 0  
50 0 8 0 0 0 0 0 0 0 50 0 8 0 0 0 0 0 0 0 50 0 8 0 0 0 0 0 0 0 50 0 8 0 0 0 0 0 0 0 50 0 8 0 0 0 0 0 0 0 50 0 8 0 0 0 0 0 0 0 50 0 8 0 0 0 0 0 0 0 50 0 8 0 0 0 0 0 0 0 50 0 8 0 0 0 0 0 0 0 50 0 8 0 0 0 0 0 0 0 50 0 8 0 0 0 0 0 0 0
9 0 0 0 0 50 0 8 0 0 0 0 0 0 0 50 0 8 0 0 0 0 0 0 0 50 0 8 0 0 0 0 0 0 0 50 0 8 0 0 0 0 0 0 0 50 0 8 0 0 0 0 0 0 0 50 0 8 0 0 0 0 0 0 0 50 0 8 0 0 0 0 0 0 0 50 0 8 0 0 0 0 0 0 0 50 0 8 0 0 0 0 0 0 0 50 0 8 0 0 0 0 0 0 0 50 0 8 0 0 
0 0 0 0 1 50 0 8 0 0 0 0 0 0 0 50 0 8 0 0 0 0 0 0 0 50 0 8 0 0 0 0 0 0 0 50 0 8 0 0 0 0 0 0 0 50 0 8 0 0 0 0 0 0 0 50 0 8 0 0 0 0 0 0 0 50 0 8 0 0 0 0 0 0 0 50 0 8 0 0 0 0 0 0 0 50 0 8 0 0 0 0 0 0 0 50 0 8 0 0 0 0 0 0 0 50 0 8 0 0 
0 0 1 1 0 50 0 8 0 0 0 0 0 0 0 50 0 8 0 0 0 0 0 0 0 50 0 8 0 0 0 0 0 0 0 50 0 8 0 0 0 0 0 0 0 50 0 8 0 0 0 0 0 0 0 50 0 8 0 0 0 0 0 0 0 50 0 8 0 0 0 0 0 0 0 50 0 8 0 0 0 0 0 0 0 50 0 8 0 0 0 0 0 0 0 50 0 8 0 0 0 0 0 0 0 50 0 8 0 0 
3 9 4 1 0 50 0 8 0 0 0 0 0 0 0 50 0 8 0 0 0 0 0 0 0 50 0 8 0 0 0 0 0 0 0 50 0 8 0 0 0 0 0 0 0 50 0 8 0 0 0 0 0 0 0 50 0 8 0 0 0 0 0 0 0 50 0 8 0 0 0 0 0 0 0 50 0 8 0 0 0 0 0 0 0 50 0 8 0 0 0 0 0 0 0 50 0 8 0 0 0 0 0 0 0 50 0 8 0 0 
5 35 1 0 3 50 0 8 0 0 0 0 0 0 0 50 0 8 0 0 0 0 0 0 0 50 0 8 0 0 0 0 0 0 0 50 0 8 0 0 0 0 0 0 0 50 0 8 0 0 0 0 0 0 0 50 0 8 0 0 0 0 0 0 0 50 0 8 0 0 0 0 0 0 0 50 0 8 0 0 0 0 0 0 0 50 0 8 0 0 0 0 0 0 0 50 0 8 0 0 0 0 0 0 0 50 0 8 0 0 
0 37 0 3 1 50 0 8 0 0 0 0 0 0 0 50 0 8 0 0 0 0 0 0 0 50 0 8 0 0 0 0 0 0 0 50 0 8 0 0 0 0 0 0 0 50 0 8 0 0 0 0 0 0 0 50 0 8 0 0 0 0 0 0 0 50 0 8 0 0 0 0 0 0 0 50 0 8 0 0 0 0 0 0 0 50 0 8 0 0 0 0 0 0 0 50 0 8 0 0 0 0 0 0 0 50 0 8 0 0
3 9 4 1 0 50 0 8 0 0 0 0 0 0 0 50 0 8 0 0 0 0 0 0 0 50 0 8 0 0 0 0 0 0 0 50 0 8 0 0 0 0 0 0 0 50 0 8 0 0 0 0 0 0 0 50 0 8 0 0 0 0 0 0 0 50 0 8 0 0 0 0 0 0 0 50 0 8 0 0 0 0 0 0 0 50 0 8 0 0 0 0 0 0 0 50 0 8 0 0 0 0 0 0 0 50 0 8 0 0 
5 35 1 0 3 50 0 8 0 0 0 0 0 0 0 50 0 8 0 0 0 0 0 0 0 50 0 8 0 0 0 0 0 0 0 50 0 8 0 0 0 0 0 0 0 50 0 8 0 0 0 0 0 0 0 50 0 8 0 0 0 0 0 0 0 50 0 8 0 0 0 0 0 0 0 50 0 8 0 0 0 0 0 0 0 50 0 8 0 0 0 0 0 0 0 50 0 8 0 0 0 0 0 0 0 50 0 8 0 0 
0 37 0 3 1 50 0 8 0 0 0 0 0 0 0 50 0 8 0 0 0 0 0 0 0 50 0 8 0 0 0 0 0 0 0 50 0 8 0 0 0 0 0 0 0 50 0 8 0 0 0 0 0 0 0 50 0 8 0 0 0 0 0 0 0 50 0 8 0 0 0 0 0 0 0 50 0 8 0 0 0 0 0 0 0 50 0 8 0 0 0 0 0 0 0 50 0 8 0 0 0 0 0 0 0 50 0 8 0 0  
